   0.0000000000000000      ;   0.0000000000000000      ;   0.0000000000000000     
  -1.2097789940371275      ;   127.84267219822709      ;   0.0000000000000000     
  -2.4195579880742550      ;   255.68534439645418      ;   0.0000000000000000     
  -3.6293369821113828      ;   383.52801659468128      ;   0.0000000000000000     
  -4.8391159761485101      ;   511.37068879290837      ;   0.0000000000000000     
  -6.0488949701856383      ;   639.21336099113546      ;   0.0000000000000000     
  -7.2586739642227656      ;   767.05603318936255      ;   0.0000000000000000     
  -8.4684529582603503      ;   894.89870538758964      ;   0.0000000000000000     
  -9.6782319522974749      ;   1022.7413775858167      ;   0.0000000000000000     
  -10.888010946334148      ;   1150.5840497840438      ;   0.0000000000000000     
  -12.097789940371277      ;   1278.4267219822709      ;   0.0000000000000000     
  -13.307568934408405      ;   1406.2693941804980      ;   0.0000000000000000     
  -14.517347928445531      ;   1534.1120663787251      ;   0.0000000000000000     
  -15.727126922482659      ;   1661.9547385769522      ;   0.0000000000000000     
  -16.936905916519791      ;   1789.7974107751793      ;   0.0000000000000000     
  -18.146684910556914      ;   1917.6400829734064      ;   0.0000000000000000     
  -19.356463904594040      ;   2045.4827551716335      ;   0.0000000000000000     
